4294967279,113
4294967279,112
4294967279,111
4294967279,110
4294967279,109
4294967279,108
4294967279,107
4294967279,106
4294967279,105
4294967279,104
4294967279,103
4294967279,102
4294967279,101
4294967279,100
4294967279,99
4294967279,98
4294967279,97
4294967279,96
4294967279,95
4294967279,94
4294967279,93
4294967279,92
4294967279,91
4294967279,90
4294967279,89
4294967279,87
4294967279,86
4294967279,85
4294967279,84
4294967279,83
4294967279,82
4294967279,81
4294967279,80
4294967279,79
4294967279,78
4294967279,77
4294967279,76
4294967279,75
4294967279,74
4294967279,73
4294967279,72
4294967279,71
4294967279,70
4294967279,69
4294967279,68
4294967279,67
4294967279,66
4294967279,65
4294967279,64
4294967279,63
4294967279,62
4294967279,61
4294967279,60
4294967279,59
4294967278,132
4294967278,131
4294967278,129
4294967278,124
4294967278,123
4294967278,122
4294967278,121
4294967278,120
4294967278,116
4294967278,114
4294967278,113
4294967278,112
4294967278,111
4294967278,110
4294967278,107
4294967278,105
4294967278,104
4294967278,103
4294967278,99
4294967278,97
4294967278,96
4294967278,95
4294967278,94
4294967278,93
4294967278,90
4294967278,87
4294967278,86
4294967278,85
4294967278,84
4294967278,83
4294967278,80
4294967278,78
4294967278,77
4294967278,76
4294967278,74
4294967278,73
4294967278,72
4294967278,70
4294967278,69
4294967278,68
4294967278,67
4294967278,66
4294967278,63
4294967278,61
4294967278,60
4294967278,59
4294967278,58
4294967278,56
4294967278,55
4294967278,54
4294967278,52
4294967278,51
4294967278,50
4294967278,49
4294967278,48
4294967278,47
4294967278,44
4294967278,42
4294967278,41
4294967278,37
4294967278,35
4294967278,34
4294967278,33
4294967278,32
4294967278,284
4294967278,27
4294967278,26
4294967278,25
4294967278,24
4294967278,23
4294967278,22
4294967278,283
4294967278,21
4294967278,20
4294967278,19
4294967278,275
4294967278,18
4294967278,17
4294967278,272
4294967278,16
4294967278,15
4294967278,271
4294967278,14
4294967278,13
4294967278,259
4294967278,12
4294967278,266
4294967278,11
4294967278,280
4294967278,10
4294967278,9
4294967278,8
4294967278,263
4294967278,7
4294967278,6
4294967278,5
4294967278,4
4294967279,132
4294967279,131
4294967279,130
4294967279,129
4294967279,253
4294967279,128
4294967279,127
4294967279,126
4294967279,252
4294967279,125
4294967279,124
4294967279,123
4294967279,122
4294967279,121
4294967279,120
4294967279,119
4294967279,118
4294967279,117
4294967279,241
4294967279,116
4294967279,115
4294967279,114
4294967279,23
4294967279,22
4294967279,21
4294967279,18
4294967279,16
4294967279,15
4294967279,13
4294967279,12
4294967279,11
4294967279,8
4294967279,6
4294967279,5
4294967279,4
4294967278,159
4294967278,157
4294967278,156
4294967278,155
4294967294,966
4294967294,965
4294967294,964
4294967294,963
4294967294,962
4294967294,961
4294967294,960
4294967294,918
4294967294,917
4294967294,916
4294967294,914
4294967294,912
4294967294,911
4294967294,909
4294967294,906
4294967294,903
4294967294,902
4294967294,900
4294967294,899
4294967294,898
4294967294,421
4294967294,401
4294967294,182
4294967294,173
4294967294,170
4294967294,163
4294967294,50
4294967294,180
4294967294,175
4294967294,183
4294967294,176
4294967294,160
4294967294,168
4294967294,162
4294967294,104
4294967294,106
4294967294,166
4294967294,24
4294967294,189
4294967294,384
4294967294,190
12,4
4294967294,425
4294967294,30
4294967294,942
4294967294,941
4294967294,939
4294967294,938
4294967294,933
4294967294,922
4294967294,436
4294967294,158
4294967294,157
4294967294,156
4294967294,155
4294967294,60
4294967294,68
4294967294,12
4294967294,11
4294967278,523
4294967278,40
4294967279,318
4294967278,522
4294967278,39
4294967279,317
4294967278,149
4294967294,392
4294967294,389
4294967279,316
4294967278,148
4294967278,521
4294967278,36
4294967278,147
4294967278,146
4294967278,143
4294967278,145
25,5
25,4
4294967278,144
25,3
25,2
25,1
4294967278,520
4294967278,31
4294967278,30
4294967279,315
4294967278,519
4294967278,29
4294967279,314
4294967278,518
4294967278,28
4294967278,517
4294967279,273
4294967279,136
24,5
4294967279,135
24,4
24,3
24,2
24,1
4294967279,133
4294967278,516
4294967279,20
4294967279,270
4294967278,515
4294967279,19
4294967279,268
4294967279,279
4294967279,313
4294967279,17
4294967279,312
4294967279,14
